899
885
840
835
819
812
808
805
799
783
776
773
772
712
711
708
703
674
669
645
643
615
610
608
590
582
582
580
579
562
562
549
547
546
539
532
525
523
521
512
511
510
506
503
500
498
488
464
452
442
438
435
433
432
419
409
400
392
390
387
386
385
383
375
365
359
356
355
355
354
352
347
347
343
342
338
335
335
334
330
329
324
317
315
310
309
308
305
303
302
296
294
293
284
282
281
280
279
274
273
271
269
267
266
264
263
262
259
258
256
256
256
256
243
243
242
237
237
236
234
232
231
231
228
226
225
222
221
216
211
211
205
203
202
201
199
195
193
193
192
191
190
189
186
186
182
181
178
177
171
169
166
166
165
165
165
165
164
164
163
162
161
160
160
159
156
156
155
155
154
154
154
153
152
150
149
148
147
147
146
146
144
143
139
138
138
137
137
137
136
136
136
136
136
135
135
134
134
133
133
132
131
130
130
129
127
127
126
126
126
125
125
125
125
125
124
124
123
123
122
121
121
120
120
119
119
117
117
117
116
116
115
115
114
114
114
113
112
112
112
112
112
111
111
111
110
110
109
108
107
107
106
106
105
105
103
103
101
101
101
100
99
99
98
98
98
98
98
98
97
97
96
96
95
94
94
93
93
93
91
91
91
91
91
91
90
90
90
90
89
89
89
89
89
88
88
88
88
88
88
86
86
85
84
84
84
83
83
83
83
83
83
83
83
82
82
82
82
82
81
81
80
80
