900
900
898
898
897
896
896
895
893
886
884
882
881
879
875
875
874
870
863
862
862
861
860
857
856
856
854
854
854
850
850
848
847
847
847
843
842
842
839
839
835
833
833
829
827
824
820
820
820
817
814
811
811
808
807
805
804
803
801
796
794
792
792
790
789
787
784
783
779
778
778
776
773
772
772
770
767
760
757
756
755
754
753
751
750
749
748
748
745
743
742
742
741
738
738
737
737
735
727
727
726
723
722
721
720
719
719
716
715
712
706
706
705
704
704
701
700
699
698
697
697
692
691
689
688
686
685
683
681
675
675
671
671
671
664
662
658
658
658
657
657
657
656
656
655
654
653
651
650
644
641
640
640
638
638
636
635
633
633
632
632
630
627
626
625
625
625
620
616
616
615
615
612
610
610
609
607
602
601
601
600
600
600
599
596
596
594
593
592
592
588
588
587
586
586
584
582
582
578
578
578
576
574
574
573
571
570
569
569
569
568
567
567
566
566
566
565
564
564
563
562
562
560
559
558
557
556
553
552
551
549
548
547
545
545
544
544
543
543
541
541
541
540
540
539
539
538
537
537
537
536
536
536
536
535
535
534
532
531
530
529
528
527
526
525
524
524
524
523
522
521
521
520
520
520
518
518
517
516
516
515
514
514
514
514
514
514
513
512
512
508
507
507
506
505
505
504
504
503
502
498
498
497
495
495
494
492
490
490
490
489
489
489
489
488
487
486
486
485
485
485
483
481
481
481
481
480
480
480
479
479
475
475
473
473
472
472
472
471
470
470
469
466
466
465
465
465
464
464
464
464
462
462
462
461
460
459
459
458
458
457
456
454
454
453
452
452
451
450
450
450
448
446
445
444
443
439
439
439
438
437
437
435
435
435
435
435
434
434
433
433
432
432
430
430
430
430
428
428
427
427
427
426
426
424
423
423
423
423
422
422
422
422
421
421
419
419
419
418
418
418
418
417
416
416
416
415
414
414
413
413
412
412
411
410
410
410
410
410
409
409
408
408
407
407
407
406
406
406
405
405
404
404
404
403
403
402
402
402
401
401
401
401
400
400
400
400
400
399
399
398
397
396
395
395
395
394
393
393
392
391
391
390
389
389
385
384
384
384
384
383
383
383
380
380
379
379
378
378
378
377
377
376
376
375
375
375
374
373
373
372
372
372
372
371
370
369
369
369
369
369
368
368
368
367
367
367
367
366
366
365
365
365
364
364
363
362
360
360
360
359
359
359
359
357
357
357
356
356
355
355
355
354
354
354
353
353
353
352
351
351
351
351
351
350
350
349
349
348
348
348
347
347
346
345
345
345
344
343
343
343
342
342
342
340
340
340
340
339
339
339
339
338
338
338
337
336
335
335
335
334
333
333
333
333
332
332
332
332
331
330
330
330
329
329
329
329
328
328
328
327
326
326
326
326
326
325
324
324
324
324
324
323
323
322
321
321
320
319
319
318
316
316
316
316
315
315
315
314
314
314
314
313
312
312
311
309
309
309
309
307
307
307
307
306
306
305
305
304
303
303
302
302
301
301
298
297
297
297
297
297
297
296
296
296
295
295
294
294
293
292
292
292
292
291
291
290
290
290
290
290
289
289
289
288
288
288
288
287
287
287
287
286
285
284
284
283
283
283
282
282
282
282
282
281
280
280
280
280
280
279
279
278
277
277
277
277
276
276
276
276
275
275
275
274
274
274
274
274
273
273
273
273
273
273
273
272
272
272
272
272
271
271
271
271
271
271
271
270
270
270
270
270
270
270
269
269
269
269
269
269
269
268
268
268
268
268
267
267
267
266
266
266
266
265
265
265
265
265
264
264
264
264
264
263
263
263
262
262
262
262
262
261
261
261
260
260
260
260
259
259
259
259
258
258
258
258
258
257
257
257
257
257
257
257
256
256
256
256
255
254
254
254
254
254
254
253
253
253
253
252
252
252
252
252
251
251
251
251
251
250
250
250
250
250
249
249
249
249
249
249
249
248
248
248
248
248
247
247
247
246
246
246
246
245
245
245
245
245
245
244
244
244
244
244
244
244
243
243
243
243
243
243
242
241
241
241
241
241
240
240
240
240
240
239
239
238
238
237
237
237
236
236
236
236
236
236
235
235
235
233
233
233
233
232
232
231
231
231
231
231
231
231
231
230
230
230
230
229
229
229
229
229
229
229
229
228
228
228
228
228
228
228
227
227
226
226
226
226
226
226
226
225
225
225
225
225
224
224
223
223
223
222
222
222
222
222
222
221
221
221
221
221
221
220
220
220
220
220
220
220
219
219
219
219
219
218
218
218
218
217
217
217
217
216
216
216
216
216
216
215
215
215
215
215
215
215
215
215
214
214
214
214
214
213
213
213
213
213
213
212
212
212
212
212
212
211
211
211
211
211
210
210
210
210
210
210
210
209
209
209
209
208
208
208
208
208
208
207
207
207
207
207
207
207
206
206
206
206
206
205
205
205
205
205
204
204
204
203
203
203
203
203
202
202
202
200
200
200
200
200
200
199
199
199
199
199
199
199
198
198
198
198
197
197
197
196
196
196
196
195
195
195
195
195
194
194
194
194
194
194
193
193
193
193
193
193
192
192
192
192
192
191
191
191
191
191
191
190
190
190
190
190
190
189
189
189
189
189
189
189
189
189
189
189
188
188
188
188
188
188
188
187
187
187
187
187
187
187
187
187
187
187
186
186
186
186
186
185
185
185
185
185
185
185
185
185
185
185
185
185
185
185
185
185
184
184
184
184
184
184
184
183
183
183
183
183
183
183
182
182
182
182
182
182
182
181
181
181
181
181
181
181
181
181
181
181
181
181
181
181
181
180
180
180
180
180
180
180
179
179
179
179
179
179
178
178
178
178
178
178
178
178
178
178
178
178
177
177
177
177
177
177
177
177
177
177
177
177
176
176
176
176
176
175
175
175
175
174
174
174
174
174
174
174
174
173
173
173
173
173
173
173
173
172
172
172
172
172
172
172
172
172
172
172
172
171
171
171
171
171
171
171
171
171
171
171
171
171
171
170
170
170
170
170
170
170
170
170
169
169
169
169
168
168
168
168
168
167
167
167
167
167
167
167
167
166
166
166
166
166
166
166
166
165
165
165
165
165
164
164
164
164
164
164
164
164
163
163
163
163
163
163
163
163
163
163
163
163
163
163
163
162
162
162
162
162
162
162
162
162
161
161
161
161
161
161
161
161
161
161
160
160
160
160
160
159
159
159
159
159
159
159
159
159
159
159
159
158
158
158
158
158
157
157
157
157
157
157
157
157
157
157
156
156
156
156
156
156
156
156
156
155
155
155
155
155
155
155
155
155
155
155
155
154
154
154
154
154
154
154
154
154
154
154
153
153
153
153
152
152
152
152
152
152
152
152
152
152
152
152
151
151
151
151
151
151
151
151
151
151
150
150
150
150
150
150
150
150
150
149
149
149
149
149
149
149
149
148
148
148
148
148
148
148
148
148
147
147
147
147
147
147
147
147
147
147
146
146
146
146
146
146
146
146
145
145
145
145
145
145
145
145
145
145
145
144
144
144
144
144
143
143
143
143
142
142
142
142
142
142
142
142
142
142
142
142
141
141
141
141
141
141
141
141
141
141
141
140
140
140
140
140
140
140
140
140
140
139
139
139
139
139
139
139
139
139
139
139
139
138
138
138
138
138
138
138
138
138
137
137
137
137
137
137
137
137
137
136
136
136
136
136
136
136
136
136
136
135
135
135
135
134
134
134
134
134
134
134
134
134
134
134
134
134
133
133
133
133
133
133
133
133
133
132
132
132
132
132
132
132
132
132
132
131
131
131
131
131
131
131
131
131
131
131
131
131
130
130
130
130
130
130
130
130
130
130
130
130
129
129
129
129
129
129
129
129
129
129
129
129
129
128
128
128
128
128
128
128
128
128
128
128
128
128
128
128
127
127
127
127
127
127
127
127
127
127
127
127
127
127
127
127
127
126
126
126
126
126
126
126
126
126
126
125
125
125
125
125
125
125
125
125
125
125
125
125
125
125
125
125
125
125
125
125
124
124
124
124
124
124
124
124
124
124
124
124
124
123
123
123
123
123
123
123
123
123
123
123
123
123
123
122
122
122
122
122
122
122
122
122
122
122
122
122
122
121
121
121
121
121
121
121
121
121
121
121
121
120
120
120
120
120
120
120
120
120
120
120
120
119
119
119
119
119
119
119
119
119
119
119
119
119
119
119
119
119
119
119
119
118
118
118
118
118
118
118
118
118
118
118
118
118
117
117
117
117
117
117
117
117
117
117
117
117
117
117
117
117
117
116
116
116
116
116
116
116
116
116
116
116
116
116
116
115
115
115
115
115
115
115
115
115
115
115
115
115
115
114
114
114
114
114
114
114
114
114
114
114
114
113
113
113
113
113
113
113
113
113
113
113
113
113
113
113
112
112
112
112
112
112
112
112
112
112
112
112
112
112
111
111
111
111
111
111
111
111
111
111
111
111
110
110
110
110
110
110
110
110
110
110
110
110
109
109
109
109
109
109
109
109
109
109
109
109
108
108
108
108
108
108
108
108
108
108
108
108
108
108
108
108
108
108
108
108
108
107
107
107
107
107
107
107
107
107
107
107
107
107
107
107
107
107
107
107
106
106
106
106
106
106
106
106
106
106
106
106
106
106
106
106
106
106
106
106
106
106
106
105
105
105
105
105
105
105
105
105
105
105
105
105
105
105
105
105
105
104
104
104
104
104
104
104
104
104
104
104
104
104
104
104
104
103
103
103
103
103
103
103
103
103
103
103
103
103
103
103
103
103
103
102
102
102
102
102
102
102
102
102
102
102
102
102
102
102
102
102
102
101
101
101
101
101
101
101
101
101
101
101
101
101
101
101
101
101
100
100
100
100
100
100
100
100
100
100
100
100
100
100
100
100
100
100
100
100
100
99
99
99
99
99
99
99
99
99
99
99
99
99
99
99
99
99
99
99
98
98
98
98
98
98
98
98
98
98
98
98
98
98
98
98
98
98
98
97
97
97
97
97
97
97
97
97
97
97
97
97
97
97
97
97
97
97
97
96
96
96
96
96
96
96
96
96
96
96
96
96
96
96
96
96
96
96
96
96
95
95
95
95
95
95
95
95
95
95
95
95
95
95
95
95
95
95
95
95
95
95
94
94
94
94
94
94
94
94
94
94
94
94
94
94
94
94
94
94
94
94
94
94
93
93
93
93
93
93
93
93
93
93
93
93
93
93
93
93
93
93
93
93
93
93
93
93
92
92
92
92
92
92
92
92
92
92
92
92
92
92
92
92
92
92
92
91
91
91
91
91
91
91
91
91
91
91
91
91
91
91
91
91
91
91
91
91
90
90
90
90
90
90
90
90
90
90
90
90
90
90
90
90
90
90
89
89
89
89
89
89
89
89
89
89
89
89
89
89
89
89
89
89
89
89
88
88
88
88
88
88
88
88
88
88
88
88
88
88
88
88
87
87
87
87
87
87
87
87
87
87
87
87
87
87
87
87
87
86
86
86
86
86
86
86
86
86
86
86
86
86
86
86
86
86
86
86
86
86
85
85
85
85
85
85
85
85
85
85
85
85
85
85
85
85
85
85
85
85
85
85
85
84
84
84
84
84
84
84
84
84
84
84
84
84
84
84
84
84
84
84
84
84
84
84
84
84
84
84
84
83
83
83
83
83
83
83
83
83
83
83
83
83
83
83
83
83
83
83
83
83
83
83
83
83
83
83
82
82
82
82
82
82
82
82
82
82
82
82
82
82
82
82
82
82
82
82
82
82
82
82
82
82
81
81
81
81
81
81
81
81
81
81
81
81
81
81
81
81
81
81
81
81
81
81
81
81
81
81
81
81
81
81
81
81
81
81
81
80
80
80
80
80
80
80
80
80
80
80
80
80
80
80
80
80
80
80
80
80
80
80
80
80
80
