899
898
897
896
888
885
879
874
871
867
852
848
845
844
836
832
831
831
827
825
814
814
812
812
808
803
803
802
799
798
792
790
789
782
781
780
778
777
775
770
767
765
764
763
762
759
756
753
742
740
735
733
731
723
722
717
717
708
702
702
701
700
698
691
691
687
681
680
680
680
678
677
676
675
674
673
667
653
651
651
650
650
647
647
644
635
632
632
630
625
623
622
622
617
617
617
616
616
609
607
604
603
600
600
594
592
591
585
582
582
577
574
573
573
570
565
561
560
553
553
553
548
547
547
546
544
542
536
535
533
533
533
533
533
529
527
525
524
522
521
520
520
520
518
516
516
515
514
512
512
511
506
502
501
496
496
494
493
493
493
489
489
487
486
483
483
478
478
476
474
471
470
468
467
464
463
463
462
461
460
459
459
458
457
454
454
451
445
443
442
441
440
440
439
439
437
434
434
433
432
430
427
425
424
424
422
422
422
418
415
414
414
414
410
410
406
404
404
401
401
401
398
397
394
394
393
393
393
392
391
391
391
391
389
388
386
385
384
382
382
379
375
374
369
369
367
365
364
360
358
358
357
356
355
353
351
351
351
351
350
349
349
347
346
346
346
345
344
344
341
341
340
338
338
335
334
333
333
333
332
332
331
331
331
331
330
328
327
327
327
326
326
325
325
324
324
324
324
323
322
321
321
317
316
314
314
313
312
312
311
311
310
307
307
306
305
303
302
302
302
301
301
301
300
298
298
297
297
296
296
295
295
295
294
294
294
294
293
293
291
291
289
289
288
288
287
287
286
285
285
285
283
282
281
281
281
281
278
277
276
276
275
275
275
274
272
272
271
270
270
270
270
269
269
268
267
267
266
266
266
264
263
263
263
262
262
261
260
260
260
259
258
258
257
256
255
254
254
253
253
252
252
252
252
252
251
251
251
251
250
250
250
250
249
248
247
247
247
247
246
246
246
245
244
244
243
243
243
243
243
243
243
242
241
240
240
239
238
238
238
237
237
237
237
236
234
234
233
233
233
232
231
231
231
231
230
229
229
229
229
228
228
228
228
228
228
227
227
226
226
226
225
224
223
223
222
222
222
222
221
221
221
221
220
220
220
218
218
218
217
217
216
216
216
216
216
216
215
215
215
215
214
214
214
211
211
211
210
210
210
209
209
208
208
207
206
206
206
206
206
205
205
205
204
204
204
203
203
202
202
201
201
201
200
200
200
200
200
199
199
199
199
197
197
197
195
195
195
194
194
194
194
193
193
193
193
193
193
192
192
192
192
191
191
191
191
191
191
190
190
189
189
189
189
189
188
188
187
187
186
185
185
185
184
184
183
183
183
182
181
181
180
180
180
179
179
179
179
178
178
176
176
176
175
175
174
174
174
174
173
173
173
172
172
172
172
172
172
172
171
171
171
171
171
170
170
170
170
170
170
169
169
169
169
168
167
166
166
166
166
166
164
164
164
164
164
163
163
162
162
162
162
161
161
161
161
161
160
160
159
159
159
159
158
158
158
157
157
157
157
156
156
156
156
156
156
155
155
155
155
155
155
155
155
154
154
154
154
153
153
152
152
152
152
152
152
152
151
151
151
151
151
151
150
150
150
150
150
150
149
149
149
149
149
148
148
147
147
147
147
147
146
146
146
146
146
145
145
145
145
145
145
145
145
144
144
144
144
144
144
144
143
143
143
143
142
142
142
141
141
140
140
140
140
140
140
140
140
140
139
139
139
139
139
138
138
138
138
138
138
137
137
137
137
137
137
137
137
137
137
136
136
136
136
136
136
136
136
136
136
136
135
135
135
135
135
135
134
134
134
134
134
134
134
133
133
133
133
132
132
132
132
132
132
132
132
132
131
131
131
131
131
131
131
130
130
130
130
130
130
130
130
130
130
129
129
129
129
129
128
128
128
128
128
128
127
127
127
127
127
126
126
126
126
126
126
125
125
125
125
125
125
125
125
125
125
125
125
124
124
124
124
124
124
124
124
124
124
123
123
123
123
123
123
123
123
123
123
122
122
122
122
122
122
122
122
122
122
121
121
121
121
121
121
121
121
120
120
120
120
120
120
120
120
120
120
119
119
119
119
119
119
119
119
119
119
119
119
119
119
118
118
118
118
118
118
118
118
118
118
118
118
118
117
117
117
117
117
117
117
117
117
117
117
116
116
116
116
116
115
115
115
115
115
115
114
114
114
114
114
114
114
114
114
114
113
113
113
113
113
112
112
112
112
112
112
112
112
112
112
111
111
111
111
110
110
110
110
110
110
110
110
109
109
109
109
109
109
109
109
109
109
108
108
108
108
108
108
108
108
107
107
107
107
107
107
107
106
106
106
106
106
106
106
106
105
105
105
105
105
105
105
105
105
104
104
104
104
104
104
104
104
103
103
103
103
103
103
103
103
103
103
103
102
102
102
102
102
102
102
102
102
102
102
101
101
101
101
101
101
101
101
101
101
100
100
100
100
100
100
100
100
99
99
99
99
99
99
99
99
99
99
99
98
98
98
98
98
98
98
98
98
98
97
97
97
97
97
97
97
97
97
97
96
96
96
96
96
96
96
96
96
96
96
95
95
95
95
95
95
95
95
95
95
95
95
94
94
94
94
94
94
94
94
94
94
94
94
94
94
94
93
93
93
93
93
93
93
93
93
92
92
92
92
92
92
92
92
92
92
92
91
91
91
91
91
91
91
91
91
91
91
91
91
91
90
90
90
90
90
90
90
90
90
90
90
90
90
90
90
90
90
90
90
89
89
89
89
89
89
89
89
89
89
89
89
89
89
89
89
88
88
88
87
87
87
87
87
87
87
87
87
87
87
87
87
87
87
86
86
86
86
86
86
86
86
85
85
85
85
85
85
85
85
85
85
85
85
85
85
85
85
85
85
84
84
84
84
84
84
84
84
84
84
84
84
84
84
84
83
83
83
83
83
83
83
83
83
83
83
83
83
83
83
83
83
82
82
82
82
82
82
82
82
82
82
82
82
82
82
82
82
82
81
81
81
81
81
81
81
81
81
81
81
81
81
80
80
80
80
80
80
80
80
80
80
80
80
80
