886
883
875
868
857
853
834
825
823
821
806
806
804
804
802
801
759
749
732
731
729
721
720
720
713
713
707
704
699
680
672
671
669
667
661
660
654
649
647
646
644
642
639
629
622
612
612
609
608
598
596
593
590
587
580
577
574
573
560
560
559
552
549
548
547
542
537
536
534
529
529
528
527
520
514
513
513
512
512
511
502
492
489
489
489
487
483
483
480
477
474
472
471
471
464
464
462
460
458
458
456
454
451
446
440
439
438
436
436
436
426
424
422
415
414
409
407
406
405
399
398
397
397
392
391
391
390
389
387
386
385
382
379
372
369
364
363
361
360
359
358
356
353
352
349
348
347
346
346
346
346
345
340
339
338
337
335
335
333
332
331
331
328
328
327
324
319
319
319
315
314
312
309
309
309
309
307
307
306
304
304
304
296
296
294
293
292
292
290
290
290
284
284
282
281
281
279
279
278
276
273
270
270
270
269
268
268
268
264
264
264
261
260
260
259
258
253
251
251
250
248
245
244
242
242
240
239
238
237
237
234
234
234
234
230
229
229
229
228
228
227
223
222
222
222
222
219
218
218
217
216
216
215
215
214
213
213
212
210
210
208
207
207
206
206
206
205
205
205
204
203
201
200
199
198
197
197
196
196
195
194
193
193
192
192
192
189
188
188
187
187
187
187
187
186
186
186
185
184
184
184
184
184
183
181
179
178
178
178
178
178
178
177
176
176
175
175
174
173
173
173
172
172
172
169
169
168
168
168
167
165
165
165
164
164
164
164
163
163
163
163
161
159
159
156
156
156
155
154
153
153
153
153
151
150
150
150
150
150
150
149
149
149
148
147
146
145
145
144
144
144
143
142
142
141
141
141
141
141
140
139
138
138
138
138
136
136
136
136
136
136
135
135
135
134
134
133
133
132
132
132
132
132
131
130
130
130
130
129
129
128
128
128
127
127
127
126
126
126
126
126
125
125
125
125
124
123
123
123
123
122
122
122
121
121
121
121
120
120
120
120
120
119
119
118
118
118
118
118
117
117
117
117
117
117
116
116
116
116
116
116
116
115
115
115
114
114
113
113
113
113
113
113
112
110
110
110
110
110
110
109
109
108
108
108
107
107
107
107
106
106
106
106
106
106
105
105
105
105
105
105
105
105
104
104
104
104
104
103
103
103
103
103
103
102
102
102
102
102
101
101
100
100
100
100
100
99
99
99
98
98
98
97
97
97
97
97
96
96
96
96
96
96
96
95
95
95
95
95
94
94
94
94
94
94
94
94
93
93
93
93
93
92
92
92
92
92
92
92
91
91
91
91
91
90
90
90
90
90
90
89
89
89
89
89
89
88
88
88
88
88
88
87
87
87
87
87
87
87
87
86
86
86
86
86
86
85
85
85
85
85
85
84
84
84
84
84
84
84
83
83
83
83
83
83
83
82
82
82
82
82
81
81
81
81
81
81
80
80
80
80
80
80
80
80
