889
833
822
791
767
761
730
706
678
652
633
596
584
565
553
550
535
513
504
500
492
474
464
449
440
439
436
426
421
406
389
366
363
330
329
323
321
320
320
312
305
300
299
298
296
283
276
271
268
266
255
252
246
246
243
237
237
233
232
224
222
216
212
212
212
208
201
199
194
189
187
187
181
180
176
175
174
170
169
168
165
164
162
159
157
154
154
152
151
150
148
146
145
145
141
139
139
138
137
136
135
133
133
133
132
131
127
126
126
125
123
123
122
122
122
118
117
116
112
111
109
109
108
108
108
106
105
105
104
102
101
100
100
99
99
98
98
97
96
96
96
95
92
92
91
91
88
88
88
87
87
87
85
85
85
84
84
83
83
83
82
82
82
81
81
80
80
80
